Guiso face outline
195 175 150 90 130 100
120 105 135 215 135 210
125 350 200 320 205 340
210 355 250 355 255 340
260 320 325 350 315 210
315 215 340 105 330 100
310 90 255 170 250 175
245 170 200 170 195 175

<?xml version="1.0" encoding="utf-8"?>
<svg xmlns="http://www.w3.org/2000/svg" viewBox="126.5625 99.136 205.7986 252.114" width="205.799px" height="252.114px">
  <path style="fill: rgb(216, 216, 216); stroke: rgb(0, 0, 0);" d="M 195 175 C 195 175 150 90 130 100 C 120 105 135 215 135 210 C 125 350 200 320 205 340 C 210 355 250 355 255 340 C 260 320 325 350 315 210 C 315 215 340 105 330 100 C 310 90 255 170 250 175 C 245 170 200 170 195 175 Z"



Heart
<?xml version="1.0" encoding="utf-8"?>
<svg xmlns="http://www.w3.org/2000/svg" viewBox="7.3987 13.453 85.2026 76.547" width="85.2026px" height="76.547px">
  <path style="fill: rgb(216, 216, 216); stroke: rgb(0, 0, 0);" d="M 50 25 C 45 15 20 5 10 25 C 0 50 20 65 50 90 C 80 65 100 50 90 25 C 80 5 55 15 50 25 Z"/>
</svg>

[[.5, .25], [.45, .15], [.2, .5], [.1, .25]],
[[.1 .25], [0, .5], [.2, .65], [.5, .9]],
[[.5, .9], [.8, .65], [1, .5], [.9, .25]],
[[.9, .25], [.8, .05], [.55, .15], [.5, .25]]


<!-- (2.5*80 + 3*99 + 2.5*88 + 2.5*89 + 2.5*66 + 2.5*90 +2.5*85 )/ (3+2.5*6)-->
<!-- 3.59/4 or 0.8975 -->

